Date,Open,High,Low,Close,Adj Close,Volume
2023-01-02,3261.0,3266.85009765625,3235.199951171875,3261.449951171875,3142.13916015625,709547
2023-01-03,3252.0,3320.0,3245.300048828125,3311.35009765625,3190.214111328125,1245178
2023-01-04,3306.699951171875,3327.35009765625,3286.199951171875,3314.64990234375,3193.39306640625,1231668
2023-01-05,3330.199951171875,3337.300048828125,3281.949951171875,3311.10009765625,3189.972900390625,1826057
2023-01-06,3300.0,3301.550048828125,3200.0,3211.550048828125,3094.06494140625,2488376
2023-01-09,3229.0,3327.0,3221.14990234375,3319.949951171875,3198.499267578125,2885060
2023-01-10,3285.0,3298.0,3230.10009765625,3286.39990234375,3166.1767578125,3864655
2023-01-11,3290.10009765625,3349.5,3271.14990234375,3328.699951171875,3206.92919921875,2720512
2023-01-12,3329.0,3350.0,3315.550048828125,3334.35009765625,3212.37255859375,2250391
2023-01-13,3342.89990234375,3379.0,3305.0,3374.550048828125,3251.102294921875,1742837
2023-01-16,3317.0,3353.0,3298.050048828125,3334.050048828125,3277.1494140625,1843607
2023-01-17,3330.0,3381.800048828125,3321.0,3378.39990234375,3320.7421875,1688475
2023-01-18,3380.0,3408.949951171875,3372.25,3390.0,3332.144775390625,2421189
2023-01-19,3380.0,3387.0,3361.0,3373.10009765625,3315.533447265625,1585044
2023-01-20,3365.0,3394.64990234375,3355.60009765625,3363.10009765625,3305.7041015625,1529349
2023-01-23,3388.0,3419.0,3355.60009765625,3414.89990234375,3356.619873046875,1067916
2023-01-24,3425.0,3451.949951171875,3417.300048828125,3436.300048828125,3377.654541015625,1387863
2023-01-25,3425.300048828125,3435.0,3405.0,3429.75,3371.216552734375,874110
2023-01-27,3426.0,3446.0,3382.300048828125,3411.050048828125,3352.83544921875,1785879
2023-01-30,3420.0,3458.449951171875,3385.550048828125,3433.64990234375,3375.0498046875,1953798
2023-01-31,3449.0,3449.0,3351.0,3358.699951171875,3301.37890625,2820375
2023-02-01,3363.0,3419.0,3355.0,3408.35009765625,3350.181640625,2205161
2023-02-02,3427.0,3469.0,3420.10009765625,3460.39990234375,3401.34326171875,1813847
2023-02-03,3504.0,3504.0,3452.89990234375,3482.300048828125,3422.86962890625,1804469
2023-02-06,3473.14990234375,3473.14990234375,3436.85009765625,3459.949951171875,3400.90087890625,1138714
2023-02-07,3468.89990234375,3493.0,3461.39990234375,3472.550048828125,3413.2861328125,1455647
2023-02-08,3478.050048828125,3539.89990234375,3478.050048828125,3520.10009765625,3460.0244140625,1986946
2023-02-09,3515.0,3547.60009765625,3505.300048828125,3540.85009765625,3480.420166015625,1655427
2023-02-10,3520.0,3542.35009765625,3508.14990234375,3537.550048828125,3477.176513671875,1187821
2023-02-13,3549.0,3549.0,3473.39990234375,3482.39990234375,3422.9677734375,1087939
2023-02-14,3505.0,3524.85009765625,3495.0,3500.10009765625,3440.365966796875,1579818
2023-02-15,3487.0,3526.0,3460.14990234375,3520.64990234375,3460.56494140625,1429449
2023-02-16,3527.199951171875,3575.0,3527.0,3558.050048828125,3497.32666015625,1618931
2023-02-17,3526.14990234375,3538.89990234375,3490.0,3501.14990234375,3441.39794921875,1061369
2023-02-20,3502.0,3522.0,3475.050048828125,3487.300048828125,3427.784423828125,1296082
2023-02-21,3494.0,3508.89990234375,3444.75,3451.0,3392.103759765625,1139541
2023-02-22,3414.949951171875,3447.0,3395.0,3401.550048828125,3343.497314453125,1218430
2023-02-23,3421.0,3452.39990234375,3408.0,3413.800048828125,3355.53857421875,1441570
2023-02-24,3422.5,3433.949951171875,3382.300048828125,3400.449951171875,3342.41650390625,977592
2023-02-27,3390.0,3390.0,3316.0,3331.85009765625,3274.987060546875,1128022
2023-02-28,3328.5,3392.0,3299.89990234375,3312.85009765625,3256.3115234375,4116217
2023-03-01,3323.0,3389.0,3315.0,3385.699951171875,3327.91796875,1669307
2023-03-02,3361.0,3369.89990234375,3318.0,3321.449951171875,3264.7646484375,1556538
2023-03-03,3354.0,3358.0,3331.10009765625,3342.14990234375,3285.111328125,1043190
2023-03-06,3361.89990234375,3404.949951171875,3359.0,3371.85009765625,3314.3046875,1334132
2023-03-08,3364.0,3396.0,3330.85009765625,3390.39990234375,3332.537841796875,1844590
2023-03-09,3385.0,3385.0,3330.85009765625,3336.85009765625,3279.902099609375,1648500
2023-03-10,3312.89990234375,3337.25,3290.0,3331.0,3274.151611328125,1024404
2023-03-13,3333.0,3369.800048828125,3272.0,3281.949951171875,3225.9384765625,1901233
2023-03-14,3280.0,3304.39990234375,3209.39990234375,3214.949951171875,3160.082275390625,2670334
2023-03-15,3250.0,3260.35009765625,3192.0,3198.89990234375,3144.305908203125,1780522
2023-03-16,3208.0,3219.800048828125,3172.0,3185.0,3130.643310546875,1901060
2023-03-17,3150.5,3221.39990234375,3144.0,3179.300048828125,3125.040771484375,6739966
2023-03-20,3169.64990234375,3169.64990234375,3095.050048828125,3143.300048828125,3089.6552734375,2289468
2023-03-21,3143.300048828125,3156.75,3097.449951171875,3106.10009765625,3053.090087890625,1815297
2023-03-22,3130.050048828125,3143.5,3106.10009765625,3130.800048828125,3077.368408203125,1123939
2023-03-23,3114.89990234375,3146.35009765625,3101.0,3124.64990234375,3071.3232421875,1372218
2023-03-24,3148.89990234375,3170.0,3106.0,3120.5,3067.244140625,1329577
2023-03-27,3135.0,3152.75,3106.0,3122.300048828125,3069.013427734375,1524217
2023-03-28,3127.0,3149.550048828125,3110.14990234375,3115.89990234375,3062.722412109375,1303530
2023-03-29,3129.0,3150.0,3104.10009765625,3138.89990234375,3085.329833984375,1740616
2023-03-31,3189.949951171875,3213.0,3152.0,3205.89990234375,3151.186279296875,2382581
2023-04-03,3224.949951171875,3224.949951171875,3173.75,3200.0,3145.387451171875,1521830
2023-04-05,3185.5,3264.35009765625,3185.5,3239.800048828125,3184.508056640625,2655065
2023-04-06,3225.0,3257.35009765625,3215.0,3220.699951171875,3165.73388671875,1703464
2023-04-10,3220.0,3272.0,3215.0,3263.39990234375,3207.705078125,2203187
2023-04-11,3264.0,3272.949951171875,3192.14990234375,3213.800048828125,3158.951904296875,2348779
2023-04-12,3227.949951171875,3260.949951171875,3199.0,3241.64990234375,3186.326171875,2417727
2023-04-13,3210.0,3230.0,3180.0,3188.85009765625,3134.427734375,4174070
2023-04-17,3134.10009765625,3163.39990234375,3070.25,3139.5,3085.919921875,5505048
2023-04-18,3154.949951171875,3156.85009765625,3110.60009765625,3130.75,3077.319091796875,2617302
2023-04-19,3130.75,3140.0,3071.5,3089.60009765625,3036.87158203125,3298034
2023-04-20,3090.0,3113.0,3078.0,3104.800048828125,3051.812255859375,2419999
2023-04-21,3110.0,3164.449951171875,3100.800048828125,3160.85009765625,3106.90576171875,1929184
2023-04-24,3151.10009765625,3180.949951171875,3126.14990234375,3174.800048828125,3120.617431640625,1640676
2023-04-25,3183.0,3191.199951171875,3147.5,3176.0,3121.797119140625,2024090
2023-04-26,3181.0,3208.39990234375,3181.0,3198.14990234375,3143.56884765625,2000029
2023-04-27,3185.0,3199.199951171875,3170.64990234375,3187.949951171875,3133.54296875,2434446
2023-04-28,3200.39990234375,3227.25,3196.25,3219.25,3164.308837890625,2931312
2023-05-02,3235.0,3235.0,3210.0,3219.39990234375,3164.4560546875,2321159
2023-05-03,3216.0,3216.0,3173.14990234375,3179.89990234375,3125.63037109375,2468285
2023-05-04,3180.14990234375,3224.449951171875,3178.0,3220.699951171875,3165.73388671875,1953253
2023-05-05,3220.0,3244.0,3210.050048828125,3230.699951171875,3175.5634765625,1710027
2023-05-08,3245.0,3254.85009765625,3231.300048828125,3250.60009765625,3195.1240234375,928235
2023-05-09,3252.60009765625,3298.0,3246.0,3283.25,3227.216796875,1107375
2023-05-10,3290.0,3306.5,3266.050048828125,3286.800048828125,3230.7060546875,1559987
2023-05-11,3309.0,3309.699951171875,3272.0,3282.14990234375,3226.13525390625,1719623
2023-05-12,3279.14990234375,3290.0,3260.0,3274.300048828125,3218.41943359375,1027479
2023-05-15,3284.0,3292.0,3248.35009765625,3255.050048828125,3199.497802734375,1150390
2023-05-16,3256.199951171875,3285.0,3250.449951171875,3258.14990234375,3202.544921875,986306
2023-05-17,3255.949951171875,3280.0,3198.25,3208.699951171875,3153.93896484375,1588815
2023-05-18,3225.949951171875,3228.949951171875,3195.0,3199.85009765625,3145.23974609375,1369364
2023-05-19,3210.0,3234.5,3203.050048828125,3222.85009765625,3167.84765625,1152449
2023-05-22,3230.0,3308.449951171875,3217.050048828125,3298.699951171875,3242.40283203125,1333243
2023-05-23,3306.0,3327.949951171875,3290.10009765625,3297.050048828125,3240.781005859375,1687418
2023-05-24,3276.0,3317.199951171875,3276.0,3303.35009765625,3246.9736328125,1016555
2023-05-25,3294.0,3306.0,3267.10009765625,3293.5,3237.291748046875,1374917
2023-05-26,3293.5,3338.64990234375,3291.0,3328.89990234375,3272.087158203125,1791115
2023-05-29,3360.800048828125,3372.0,3312.0,3320.35009765625,3263.68359375,1210372
2023-05-30,3315.0,3326.949951171875,3301.35009765625,3316.199951171875,3259.60400390625,1344224
2023-05-31,3309.0,3327.699951171875,3265.14990234375,3289.5,3233.360107421875,5815424
2023-06-01,3314.0,3340.0,3297.5,3324.0,3267.27099609375,1177314
2023-06-02,3326.25,3335.89990234375,3297.449951171875,3305.60009765625,3249.185302734375,2030661
2023-06-05,3315.0,3327.0,3285.050048828125,3288.89990234375,3232.77001953125,1861468
2023-06-06,3280.0,3288.85009765625,3220.60009765625,3232.300048828125,3177.135986328125,2022849
2023-06-07,3253.0,3278.85009765625,3241.0,3274.89990234375,3219.009033203125,1567196
2023-06-08,3261.0,3270.0,3233.0,3236.449951171875,3181.215087890625,1759366
2023-06-09,3245.0,3250.0,3205.35009765625,3209.300048828125,3154.52880859375,1775689
2023-06-12,3215.0,3254.39990234375,3211.0,3246.89990234375,3191.48681640625,2324605
2023-06-13,3260.0,3265.0,3239.0,3243.699951171875,3188.341552734375,1371928
2023-06-14,3243.699951171875,3255.85009765625,3225.85009765625,3251.050048828125,3195.56591796875,1658544
2023-06-15,3245.300048828125,3247.449951171875,3210.0,3216.300048828125,3184.921142578125,2273810
2023-06-16,3197.0,3199.39990234375,3156.0,3174.89990234375,3143.924560546875,4156189
2023-06-19,3190.0,3214.89990234375,3175.0,3210.39990234375,3179.078369140625,1468186
2023-06-20,3214.0,3232.5,3201.050048828125,3227.699951171875,3196.20947265625,1528452
2023-06-21,3250.0,3261.39990234375,3223.949951171875,3258.199951171875,3226.411865234375,1645987
2023-06-22,3260.0,3267.64990234375,3230.10009765625,3238.5,3206.904541015625,1529603
2023-06-23,3237.300048828125,3249.39990234375,3209.14990234375,3216.35009765625,3184.970458984375,1119505
2023-06-26,3205.0,3213.89990234375,3173.0,3189.64990234375,3158.531005859375,1978803
2023-06-27,3202.0,3209.64990234375,3182.300048828125,3197.35009765625,3166.156005859375,863542
2023-06-28,3208.0,3230.949951171875,3193.39990234375,3215.449951171875,3184.079345703125,1575872
2023-06-30,3220.0,3310.0,3214.10009765625,3302.25,3270.0322265625,2672406
2023-07-03,3314.300048828125,3318.800048828125,3268.75,3272.300048828125,3240.374755859375,1687264
2023-07-04,3290.0,3315.0,3277.300048828125,3308.85009765625,3276.568115234375,1656681
2023-07-05,3320.0,3329.0,3305.0,3319.949951171875,3287.5595703125,1453008
2023-07-06,3306.550048828125,3328.449951171875,3302.0,3322.89990234375,3290.480712890625,1848238
2023-07-07,3302.0,3356.89990234375,3302.0,3329.25,3296.769287109375,1789326
2023-07-10,3324.75,3324.75,3265.199951171875,3271.949951171875,3240.02783203125,1407431
2023-07-11,3295.0,3295.0,3260.800048828125,3272.39990234375,3240.4736328125,1110172
2023-07-12,3280.949951171875,3289.14990234375,3250.10009765625,3259.89990234375,3228.09521484375,1515240
2023-07-13,3284.0,3367.449951171875,3272.75,3340.550048828125,3307.958984375,4585146
2023-07-14,3365.0,3524.85009765625,3352.0,3514.64990234375,3480.360107421875,6306101
2023-07-17,3510.0,3549.89990234375,3477.050048828125,3491.699951171875,3457.63427734375,2743228
2023-07-18,3476.0,3524.0,3465.0,3496.85009765625,3462.734130859375,2600090
2023-07-19,3500.0,3516.85009765625,3445.64990234375,3470.050048828125,3436.195556640625,2405370
2023-07-20,3453.10009765625,3478.89990234375,3436.050048828125,3463.300048828125,3438.42919921875,1715404
2023-07-21,3404.050048828125,3434.89990234375,3359.050048828125,3368.300048828125,3344.111572265625,3770223
2023-07-24,3381.0,3413.449951171875,3372.10009765625,3394.75,3370.371337890625,1680132
2023-07-25,3397.5,3406.800048828125,3380.199951171875,3399.14990234375,3374.73974609375,1272980
2023-07-26,3400.35009765625,3420.85009765625,3385.0,3388.300048828125,3363.9677734375,1066803
2023-07-27,3394.949951171875,3411.64990234375,3385.050048828125,3396.89990234375,3372.505859375,1701769
2023-07-28,3385.0,3393.699951171875,3331.0,3355.39990234375,3331.303955078125,2599831
2023-07-31,3364.39990234375,3426.64990234375,3360.89990234375,3421.449951171875,3396.8798828125,2743678
2023-08-01,3415.0,3460.0,3415.0,3452.050048828125,3427.26025390625,1956167
2023-08-02,3434.949951171875,3446.39990234375,3413.60009765625,3440.64990234375,3415.941650390625,1914899
2023-08-03,3420.0,3433.25,3368.0,3399.949951171875,3375.5341796875,2026351
2023-08-04,3401.25,3471.0,3401.25,3443.550048828125,3418.821044921875,2248493
2023-08-07,3453.949951171875,3488.0,3441.25,3484.050048828125,3459.0302734375,1853889
2023-08-08,3484.050048828125,3489.949951171875,3456.60009765625,3470.60009765625,3445.6767578125,1634225
2023-08-09,3464.89990234375,3467.0,3425.050048828125,3462.5,3437.635009765625,1794589
2023-08-10,3450.0,3464.89990234375,3430.050048828125,3442.10009765625,3417.381591796875,1096701
2023-08-11,3438.10009765625,3466.64990234375,3414.0,3448.800048828125,3424.033447265625,1679974
2023-08-14,3440.699951171875,3455.0,3411.0,3449.85009765625,3425.075927734375,1190425
2023-08-16,3450.0,3466.0,3435.199951171875,3458.39990234375,3433.564453125,1328445
2023-08-17,3455.0,3460.800048828125,3413.199951171875,3435.75,3411.0771484375,1843241
2023-08-18,3410.0,3410.0,3356.5,3367.10009765625,3342.919921875,2526749
2023-08-21,3375.0,3409.75,3372.0,3401.64990234375,3377.221923828125,1375579
2023-08-22,3400.0,3411.0,3365.050048828125,3382.14990234375,3357.86181640625,1222012
2023-08-23,3388.0,3402.0,3376.0,3398.25,3373.846435546875,1330046
2023-08-24,3408.0,3413.050048828125,3378.10009765625,3387.75,3363.421630859375,1152881
2023-08-25,3375.0,3385.800048828125,3350.25,3381.300048828125,3357.01806640625,1158046
2023-08-28,3394.0,3394.0,3360.10009765625,3375.550048828125,3351.309326171875,1037485
2023-08-29,3381.050048828125,3389.550048828125,3365.0,3376.14990234375,3351.90478515625,944517
2023-08-30,3398.0,3408.10009765625,3383.050048828125,3390.949951171875,3366.5986328125,1188200
2023-08-31,3401.0,3417.39990234375,3343.64990234375,3356.800048828125,3332.694091796875,3417652
2023-09-01,3366.0,3389.0,3356.800048828125,3379.199951171875,3354.93310546875,1277950
2023-09-04,3378.0,3432.85009765625,3370.050048828125,3418.5,3393.950927734375,1828332
2023-09-05,3420.0,3447.0,3405.14990234375,3429.35009765625,3404.722900390625,1501842
2023-09-06,3434.0,3443.89990234375,3398.10009765625,3429.89990234375,3405.26904296875,1314818
2023-09-07,3430.800048828125,3460.0,3422.300048828125,3455.25,3430.43701171875,1885092
2023-09-08,3455.25,3465.0,3435.050048828125,3441.89990234375,3417.1826171875,1518917
2023-09-11,3462.0,3485.699951171875,3445.0,3480.64990234375,3455.654541015625,1783604
2023-09-12,3492.0,3589.89990234375,3483.0,3580.800048828125,3555.08544921875,4476016
2023-09-13,3571.10009765625,3588.85009765625,3545.0,3567.85009765625,3542.228515625,1754929
2023-09-14,3570.050048828125,3597.699951171875,3545.60009765625,3560.050048828125,3534.484375,2604721
2023-09-15,3567.85009765625,3607.35009765625,3562.449951171875,3598.300048828125,3572.4599609375,2952897
2023-09-18,3580.050048828125,3619.300048828125,3575.25,3606.14990234375,3580.253173828125,1395753
2023-09-20,3580.0,3625.0,3580.0,3606.050048828125,3580.154052734375,1649396
2023-09-21,3588.550048828125,3605.0,3528.0,3585.300048828125,3559.552978515625,2004073
2023-09-22,3584.0,3633.75,3565.050048828125,3603.64990234375,3577.771240234375,1989083
2023-09-25,3602.5,3620.0,3558.64990234375,3577.14990234375,3551.46142578125,1238778
2023-09-26,3567.60009765625,3594.949951171875,3536.0,3585.699951171875,3559.9501953125,1726062
2023-09-27,3590.0,3614.0,3555.699951171875,3589.300048828125,3563.5244140625,1541134
2023-09-28,3600.0,3602.800048828125,3527.35009765625,3536.75,3511.3515625,1755753
2023-09-29,3537.199951171875,3568.449951171875,3505.550048828125,3528.60009765625,3503.26025390625,2243791
2023-10-03,3534.199951171875,3534.199951171875,3480.10009765625,3513.85009765625,3488.6162109375,1948148
2023-10-04,3486.300048828125,3548.0,3477.300048828125,3537.75,3512.3447265625,1788138
2023-10-05,3554.0,3624.0,3551.199951171875,3589.35009765625,3563.57421875,2990768
2023-10-06,3591.0,3634.949951171875,3575.050048828125,3621.39990234375,3595.393798828125,2075691
2023-10-09,3645.050048828125,3679.0,3631.0,3638.35009765625,3612.22216796875,4233074
2023-10-10,3640.050048828125,3648.0,3601.35009765625,3628.89990234375,3602.83984375,1848148
2023-10-11,3650.0,3650.0,3605.0,3609.89990234375,3583.976318359375,2426417
2023-10-12,3575.0,3588.64990234375,3538.10009765625,3542.550048828125,3517.110107421875,4241281
2023-10-13,3530.0,3577.0,3525.0,3570.85009765625,3545.206787109375,2890357
2023-10-16,3566.0,3574.64990234375,3519.10009765625,3524.050048828125,3498.742919921875,1671104
2023-10-17,3530.0,3534.14990234375,3503.35009765625,3507.050048828125,3481.864990234375,1672065
2023-10-18,3511.0,3522.699951171875,3484.0,3487.25,3462.207275390625,1408245
2023-10-19,3469.5,3476.85009765625,3451.89990234375,3455.64990234375,3439.71142578125,1514545
2023-10-20,3450.39990234375,3499.5,3444.050048828125,3494.550048828125,3478.43212890625,1481211
2023-10-23,3473.0,3478.949951171875,3401.300048828125,3410.14990234375,3394.421142578125,1106272
2023-10-25,3390.5,3425.0,3377.199951171875,3390.10009765625,3374.4638671875,1518537
2023-10-26,3368.050048828125,3373.699951171875,3330.0,3336.75,3321.35986328125,1984471
2023-10-27,3350.0,3362.0,3337.0,3350.949951171875,3335.494384765625,1108851
2023-10-30,3350.0,3382.85009765625,3333.75,3378.550048828125,3362.967041015625,910972
2023-10-31,3399.0,3399.0,3350.050048828125,3368.75,3353.212158203125,999811
2023-11-01,3355.0,3371.60009765625,3311.0,3330.64990234375,3315.287841796875,1563475
2023-11-02,3343.199951171875,3375.949951171875,3343.199951171875,3360.10009765625,3344.602294921875,1245384
2023-11-03,3382.0,3387.89990234375,3344.300048828125,3350.89990234375,3335.4443359375,1402598
2023-11-06,3375.0,3392.300048828125,3359.0,3380.25,3364.6591796875,1099852
2023-11-07,3378.0,3404.14990234375,3366.0,3370.449951171875,3354.904296875,1191144
2023-11-08,3371.449951171875,3401.949951171875,3369.550048828125,3381.550048828125,3365.953125,992899
2023-11-09,3390.10009765625,3391.5,3342.050048828125,3347.449951171875,3332.010498046875,2112352
2023-11-10,3338.0,3347.449951171875,3322.35009765625,3333.449951171875,3318.074951171875,1338557
2023-11-13,3356.0,3356.0,3327.0,3331.550048828125,3316.183837890625,1030990
2023-11-15,3383.10009765625,3413.0,3356.050048828125,3404.300048828125,3388.598388671875,2059802
2023-11-16,3430.050048828125,3529.35009765625,3414.199951171875,3497.85009765625,3481.716796875,3951984
2023-11-17,3497.85009765625,3524.5,3492.550048828125,3502.449951171875,3486.29541015625,2021292
2023-11-20,3491.25,3533.89990234375,3491.25,3519.60009765625,3503.366455078125,1475621
2023-11-21,3519.60009765625,3539.050048828125,3501.0,3510.199951171875,3494.009765625,1807236
2023-11-22,3500.0,3532.64990234375,3481.10009765625,3530.14990234375,3513.86767578125,1798051
2023-11-23,3530.0,3544.0,3500.0,3508.25,3492.06884765625,2729804
2023-11-24,3494.25,3504.550048828125,3453.0,3457.10009765625,3441.15478515625,1989733
2023-11-28,3457.10009765625,3481.25,3433.0,3470.14990234375,3454.14453125,1689195
2023-11-29,3481.0,3518.0,3475.800048828125,3513.75,3497.54345703125,1441634
2023-11-30,3499.449951171875,3516.64990234375,3481.0,3487.60009765625,3471.51416015625,3266235
2023-12-01,3500.0,3516.949951171875,3490.050048828125,3511.64990234375,3495.453125,1172141
2023-12-04,3544.64990234375,3547.800048828125,3498.0,3512.449951171875,3496.249267578125,1625213
2023-12-05,3538.0,3538.0,3502.800048828125,3531.60009765625,3515.311279296875,1377656
2023-12-06,3532.60009765625,3612.85009765625,3525.14990234375,3604.10009765625,3587.476806640625,1896572
2023-12-07,3605.0,3630.550048828125,3591.699951171875,3614.89990234375,3598.226806640625,1967653
2023-12-08,3633.0,3645.0,3602.050048828125,3626.699951171875,3609.972412109375,1641155
2023-12-11,3622.89990234375,3653.0,3615.0,3642.89990234375,3626.09765625,1102503
2023-12-12,3638.949951171875,3698.39990234375,3631.0,3672.10009765625,3655.1630859375,2236866
2023-12-13,3643.550048828125,3650.0,3563.0,3593.550048828125,3576.975341796875,3850968
2023-12-14,3630.0,3678.0,3627.60009765625,3667.25,3650.33544921875,3290396
2023-12-15,3666.699951171875,3895.949951171875,3666.699951171875,3861.0,3843.19189453125,8531230
2023-12-18,3858.10009765625,3929.0,3830.14990234375,3859.199951171875,3841.400146484375,2521612
2023-12-19,3845.0,3855.10009765625,3790.0,3816.199951171875,3798.598388671875,2004435
2023-12-20,3827.25,3898.800048828125,3766.550048828125,3780.050048828125,3762.615234375,2586083
2023-12-21,3756.25,3806.699951171875,3743.35009765625,3787.5,3770.03076171875,1517562
2023-12-22,3800.0,3845.949951171875,3762.0,3824.0,3806.362548828125,2413058
2023-12-26,3819.85009765625,3834.0,3790.14990234375,3795.550048828125,3778.043701171875,1285231
2023-12-27,3799.0,3818.199951171875,3768.0,3811.199951171875,3793.621337890625,1293976
2023-12-28,3824.0,3838.0,3792.10009765625,3799.89990234375,3782.37353515625,1682889
2023-12-29,3792.0,3822.60009765625,3765.39990234375,3793.39990234375,3775.903564453125,1574996
2024-01-01,3790.0,3832.0,3773.0,3811.10009765625,3793.52197265625,825907
2024-01-02,3811.10009765625,3811.10009765625,3767.25,3783.199951171875,3765.75048828125,1344068
2024-01-03,3767.0,3771.85009765625,3687.050048828125,3691.75,3674.722412109375,1803075
2024-01-04,3701.75,3719.0,3651.0,3666.800048828125,3649.887451171875,3598144
2024-01-05,3675.0,3747.75,3674.85009765625,3737.89990234375,3720.659423828125,1963127
2024-01-08,3737.89990234375,3739.75,3672.39990234375,3678.300048828125,3661.33447265625,1067805
2024-01-09,3709.949951171875,3752.35009765625,3682.75,3689.89990234375,3672.880859375,1370944
2024-01-10,3690.0,3729.25,3688.0,3713.050048828125,3695.92431640625,1292227
2024-01-11,3724.0,3773.0,3707.0,3735.550048828125,3718.320556640625,1777909
2024-01-12,3848.0,3905.25,3821.60009765625,3882.800048828125,3864.891357421875,6813450
2024-01-15,3960.0,3965.0,3885.0,3903.800048828125,3885.79443359375,2801505
2024-01-16,3899.0,3899.0,3855.550048828125,3861.300048828125,3843.490478515625,1432672
2024-01-17,3819.0,3909.949951171875,3812.550048828125,3884.60009765625,3866.68310546875,3458696
2024-01-18,3898.0,3908.800048828125,3862.0,3902.60009765625,3884.60009765625,2239110
2024-01-19,3945.0,3963.550048828125,3915.050048828125,3943.050048828125,3943.050048828125,2941975
2024-01-23,3900.0,3933.89990234375,3842.75,3858.25,3858.25,2618854
2024-01-24,3880.0,3883.64990234375,3805.60009765625,3841.800048828125,3841.800048828125,2657709
2024-01-25,3839.89990234375,3861.0,3778.699951171875,3810.300048828125,3810.300048828125,2205154
2024-01-29,3800.800048828125,3820.0,3780.85009765625,3801.0,3801.0,1646747
2024-01-30,3807.449951171875,3847.800048828125,3787.0,3800.550048828125,3800.550048828125,1411621
2024-01-31,3811.199951171875,3834.0,3796.449951171875,3815.949951171875,3815.949951171875,2459358
2024-02-01,3820.0,3904.89990234375,3805.050048828125,3854.14990234375,3854.14990234375,2363107
2024-02-02,3875.050048828125,3984.39990234375,3872.0,3966.300048828125,3966.300048828125,2826510
2024-02-05,3983.0,4022.0,3962.10009765625,3973.300048828125,3973.300048828125,1691523
2024-02-06,3997.0,4149.89990234375,3990.0,4136.0,4136.0,4474396
2024-02-07,4153.0,4155.0,4073.949951171875,4083.39990234375,4083.39990234375,2124267
2024-02-08,4090.0,4158.0,4086.050048828125,4134.10009765625,4134.10009765625,2345173
2024-02-09,4136.5498046875,4184.75,4100.0,4133.7001953125,4133.7001953125,2100596
2024-02-12,4130.0,4159.60009765625,4105.5498046875,4120.7001953125,4120.7001953125,1013716
2024-02-13,4125.4501953125,4170.0,4081.5,4149.5,4149.5,1257415
2024-02-14,4107.0,4114.89990234375,4049.5,4100.10009765625,4100.10009765625,1391283
2024-02-15,4128.0,4146.2998046875,4083.0,4103.2001953125,4103.2001953125,1091582
2024-02-16,4113.25,4147.9501953125,4100.10009765625,4128.2998046875,4128.2998046875,1307556
